x <- c(1,3,5,7,9)
y <- c(2,4,6,8,10)
data.frame(x,y) -> df_test01
df_test01

